{
 "cells": [
  {
   "cell_type": "code",
   "execution_count": null,
   "id": "96a3ad4c",
   "metadata": {},
   "outputs": [],
   "source": [
    "# import set \n",
    "using Turing\n",
    "using Distances\n",
    "using LinearAlgebra\n",
    "using LimberJack\n",
    "using Interpolations\n",
    "using GaussianProcess\n",
    "using Plots\n",
    "using QuadGK\n",
    "using BlockDiagonals\n",
    "using PrettyTables"
   ]
  },
  {
   "cell_type": "code",
   "execution_count": 2,
   "id": "b34561fe",
   "metadata": {},
   "outputs": [
    {
     "data": {
      "text/plain": [
       "fs8_DESI (generic function with 1 method)"
      ]
     },
     "metadata": {},
     "output_type": "display_data"
    }
   ],
   "source": [
    "# fs8 data\n",
    "function fs8_DESI()\n",
    "\n",
    "z  = [0.3, 0.51, 0.71, 0.92, 1.32, 1.49]\n",
    "\n",
    "data  = [0.37784, 0.515897, 0.48384, 0.422208, 0.37468, 0.435]\n",
    "\n",
    "fs8_upper = [0.4723, 0.572693, 0.539136, 0.470586, 0.418064, 0.48]\n",
    "fs8_lower = [0.28338, 0.449635, 0.428544, 0.378228, 0.343128, 0.39]\n",
    "err_up = fs8_upper .- data\n",
    "err_low = data .- fs8_lower\n",
    "err_tot = fs8_upper .- fs8_lower\n",
    "\n",
    "cov = zeros(length(z), length(z))\n",
    "    for i in 1:length(z)\n",
    "        cov[i, i] = err_tot[i]^2\n",
    "    end\n",
    "    \n",
    "    return (data_name = \"DESI_fs8\", z = z, data = data, cov = cov)\n",
    "end"
   ]
  },
  {
   "cell_type": "code",
   "execution_count": null,
   "id": "cc69cb22",
   "metadata": {},
   "outputs": [
    {
     "data": {
      "text/plain": [
       "3×3 Matrix{Float64}:\n",
       "  0.301379    -0.00022051    0.00363321\n",
       " -0.00022051   0.000584581  -0.000674713\n",
       "  0.00363321  -0.000674713   0.00197857"
      ]
     },
     "metadata": {},
     "output_type": "display_data"
    }
   ],
   "source": [
    "# DESI data\n",
    "z = [0.3, 0.51, 0.71, 0.92, 1.32, 1.49]\n",
    "data_dvrd = [7.788174, 12.514437, 15.675560, 19.676985, 23.861806, 25.708520]\n",
    "data_dhdm = [3.053800, 1.637266, 1.165867, 0.844996, 0.470709, 0.426508]\n",
    "data_fss8 = [0.377174, 0.513635, 0.483623, 0.422164, 0.376715, 0.434858]\n",
    "data_DESI = [data_dvrd; data_dhdm; data_fss8]\n",
    "\n",
    "# Full 18x18 Covariance Matrix for DESI 2024 Year 1 \n",
    "# Variables: [DV/rd, DH/DM, fσs8] per redshift bin\n",
    "# Source: arXiv:2411.12021 Appendix A\n",
    "C_total = zeros(18, 18);\n",
    "\n",
    "# BGS z=0.30\n",
    "C_total[1:3, 1:3] = 1e-4 * [\n",
    "    1314.664401 -142.669742  109.427163;\n",
    "    -142.669742  829.170940 -158.101737;\n",
    "    109.427163 -158.101737   88.510877\n",
    "]\n",
    "\n",
    "# LRG1 z=0.51\n",
    "C_total[4:6, 4:6] = 1e-4 * [\n",
    "    541.309833   48.425593   -4.652853;\n",
    "    48.425593   97.249820  -34.923265;\n",
    "    -4.652853  -34.923265   41.295470\n",
    "]\n",
    "\n",
    "# LRG2 z=0.71\n",
    "C_total[7:9, 7:9] = 1e-4 * [\n",
    "    762.457717   39.781004   -1.896006;\n",
    "    39.781004   36.344098  -17.341350;\n",
    "    -1.896006  -17.341350   28.119682\n",
    "]\n",
    "\n",
    "# LRG3 z=0.92\n",
    "C_total[10:12, 10:12] = 1e-4 * [\n",
    "    847.499793   26.038900    3.257324;\n",
    "    26.038900   16.251088  -10.044074;\n",
    "    3.257324  -10.044074   22.370314\n",
    "]\n",
    "\n",
    "# ELG2 z=1.32\n",
    "C_total[13:15, 13:15] = 1e-4 * [\n",
    "2342.506886   26.159601   13.521001;\n",
    "    26.159601   10.309303   -6.654663;\n",
    "    13.521001   -6.654663   13.997473\n",
    "]\n",
    "\n",
    "# QSO z=1.49\n",
    "C_total[16:18, 16:18] = 1e-4 * [\n",
    "3013.788566   -2.205101   36.332110;\n",
    "    -2.205101    5.845806   -6.747133;\n",
    "    36.332110   -6.747133   19.785658\n",
    "]\n",
    "\n",
    "# correlation matrix\n",
    "function cov_to_cor(covariance)\n",
    "    std_devs = sqrt.(diag(covariance))\n",
    "    return covariance ./ (std_devs * std_devs')\n",
    "end\n",
    "\n",
    "full_covariance = cov_to_cor(C_total);\n",
    "#pretty_table(full_covariance)\n",
    "\n",
    "cov_final = C_total\n",
    "for k in 1:6\n",
    "    cov_final[3*k,3*k] = fs8data.cov[k,k]\n",
    "end\n",
    "\n",
    "for h in 1:6\n",
    "    cov_final[(3*h)-2,3*h] = cov_final[3*h,3*h]*full_covariance[(3*h)-2,3*h]\n",
    "    cov_final[(3*h)-1,3*h] = cov_final[3*h,3*h]*full_covariance[(3*h)-1,3*h]\n",
    "    cov_final[3*h,(3*h)-2] = cov_final[3*h,3*h]*full_covariance[(3*h)-2,3*h]\n",
    "    cov_final[3*h,(3*h)-1] = cov_final[3*h,3*h]*full_covariance[(3*h)-1,3*h]\n",
    "end\n",
    "\n",
    "#pretty_table(cov_final)"
   ]
  },
  {
   "cell_type": "code",
   "execution_count": null,
   "id": "394199c0",
   "metadata": {},
   "outputs": [],
   "source": [
    "function CC()\n",
    "    z = [\n",
    "        0.07, 0.09, 0.12, 0.17, 0.179, 0.199, 0.2,\n",
    "        0.27, 0.28, 0.352, 0.38, 0.3802, 0.4,\n",
    "        0.4004, 0.4247, 0.44, 0.4497, 0.47, 0.4783,\n",
    "        0.48, 0.51, 0.593, 0.6, 0.61, 0.68, 0.73,\n",
    "        0.781, 0.875, 0.88, 0.9, 1.037, 1.3,\n",
    "        1.363, 1.43, 1.53, 1.75, 1.965\n",
    "    ]\n",
    "\n",
    "    data = [\n",
    "        69.0, 69.0, 68.6, 83.0, 75.0, 75.0, 72.9,\n",
    "        77.0, 88.8, 83.0, 81.5, 83.0, 95.0, 77.0,\n",
    "        87.1, 82.6, 92.8, 89.0, 80.9, 97.0, 90.4,\n",
    "        104.0, 87.9, 97.3, 92.0, 97.3, 105.0,\n",
    "        125.0, 90.0, 117.0, 154.0, 168.0, 160.0,\n",
    "        177.0, 140.0, 202.0, 186.5\n",
    "    ]\n",
    "\n",
    "    err = [\n",
    "        19.6, 12.0, 26.2, 8.0, 4.0, 5.0, 29.6,\n",
    "        14.0, 36.6, 14.0, 1.9, 13.5, 17.0, 10.2,\n",
    "        11.2, 7.8, 12.9, 23.0, 9.0, 62.0, 1.9,\n",
    "        13.0, 6.1, 2.1, 8.0, 7.0, 12.0, 17.0,\n",
    "        40.0, 23.0, 20.0, 17.0, 33.6, 18.0,\n",
    "        14.0, 40.0, 50.4\n",
    "    ]\n",
    "\n",
    "    cov = zeros(length(z), length(z))\n",
    "    for i in 1:length(z)\n",
    "        cov[i, i] = err[i]^2\n",
    "    end\n",
    "\n",
    "    return (\n",
    "        data_name = \"CC\",\n",
    "        z = z,\n",
    "        data = data,\n",
    "        cov = cov\n",
    "    )\n",
    "end\n"
   ]
  }
 ],
 "metadata": {
  "kernelspec": {
   "display_name": "Julia 1.11.7",
   "language": "julia",
   "name": "julia-1.11"
  },
  "language_info": {
   "file_extension": ".jl",
   "mimetype": "application/julia",
   "name": "julia",
   "version": "1.11.7"
  }
 },
 "nbformat": 4,
 "nbformat_minor": 5
}
